15 15 225
15 8 69 12 81 9 81 4 62 13 80 2 3 14 38 1 62 15 54 7 66 10 88 5 82 3 3 11 12 6 88
15 13 83 2 51 12 47 10 15 7 89 4 76 3 52 5 18 6 22 9 85 14 26 15 30 11 5 1 89 8 22
15 2 62 3 47 10 93 1 54 4 38 6 78 9 71 5 96 15 19 11 33 13 44 14 71 8 90 7 9 12 21
15 14 33 11 82 7 80 3 30 15 96 8 31 5 11 12 26 1 41 6 55 10 12 4 10 9 92 2 3 13 75
15 2 36 9 49 5 10 15 43 7 69 6 72 4 19 3 65 10 37 11 57 14 32 8 11 12 73 1 89 13 12
15 6 83 15 32 3 6 13 13 11 87 2 94 12 36 5 76 7 46 10 30 1 56 14 62 9 32 4 52 8 72
15 6 29 3 78 1 21 2 27 9 17 15 43 12 14 11 15 8 16 10 49 7 72 13 19 5 99 14 38 4 64
15 5 12 8 74 11 4 2 3 10 15 9 62 3 50 15 38 12 49 4 25 6 18 7 55 14 5 13 71 1 27
15 15 69 12 13 1 33 10 47 11 86 6 31 4 97 13 48 9 25 14 40 7 94 2 22 8 61 3 59 5 16
15 10 27 1 4 4 35 11 80 13 49 14 46 6 84 2 46 7 96 15 72 9 18 12 23 3 96 8 74 5 23
15 8 36 3 17 2 81 13 67 4 47 15 5 5 51 7 23 6 82 10 35 9 96 14 7 11 54 1 92 12 38
15 1 78 9 58 15 62 13 43 10 1 6 56 7 76 11 49 8 80 12 26 4 79 5 9 2 24 14 24 3 42
15 9 38 13 86 11 38 12 38 15 83 4 36 7 11 2 17 5 99 6 14 1 57 10 64 14 58 3 96 8 17
15 14 10 3 86 12 93 1 63 15 61 11 62 4 75 2 90 13 40 5 77 6 8 7 27 8 96 10 69 9 64
15 2 73 14 12 1 14 12 71 3 3 11 47 5 84 9 84 4 53 6 58 8 95 7 87 10 90 13 68 15 75
