15 15 225
15 8 96 13 23 6 71 9 26 4 28 15 16 14 27 10 71 1 18 2 57 5 43 3 5 7 12 12 91 11 63
15 9 32 1 81 6 95 14 79 7 55 2 45 5 60 3 73 4 23 12 44 11 92 13 20 10 5 15 72 8 73
15 7 63 9 93 8 63 2 79 10 10 6 66 13 27 5 93 1 24 3 26 15 8 12 69 4 29 14 66 11 97
15 13 80 1 87 15 68 8 23 14 54 2 16 7 68 9 32 12 74 3 3 4 2 10 71 6 4 11 67 5 28
15 9 46 3 96 13 11 12 41 11 93 10 2 5 98 4 10 15 43 6 65 1 27 8 57 7 75 14 87 2 81
15 14 5 9 91 7 92 12 87 15 66 10 36 13 67 8 88 1 92 2 27 11 13 3 7 6 95 4 66 5 13
15 5 90 2 33 3 78 14 76 8 93 7 67 1 82 9 94 13 12 15 5 11 85 10 42 6 4 4 2 12 70
15 5 79 11 24 15 41 4 83 7 45 14 29 12 3 10 42 1 5 6 44 2 83 13 59 9 60 8 78 3 44
15 8 19 2 55 6 20 5 74 15 66 9 37 1 55 10 63 13 40 4 73 11 55 3 84 14 54 12 62 7 6
15 4 27 7 59 14 6 5 90 6 6 11 37 3 64 9 35 13 25 12 59 10 77 8 30 15 1 2 7 1 70
15 2 4 5 53 8 6 3 10 15 51 11 89 13 38 14 38 7 35 6 44 10 99 1 88 4 52 9 16 12 99
15 1 28 8 11 15 76 14 51 9 35 4 60 7 44 10 39 6 66 13 49 11 40 5 34 2 80 3 38 12 29
15 15 31 11 32 1 40 9 25 13 40 14 85 5 39 12 61 2 15 4 41 7 93 6 64 3 16 10 81 8 97
15 14 9 5 21 9 8 7 55 6 79 3 76 10 79 1 61 12 68 13 99 2 24 4 23 15 92 8 91 11 22
15 15 80 3 30 7 67 5 58 4 45 12 29 2 48 6 28 8 64 1 63 9 80 11 23 10 93 13 55 14 48