15 15 225
15 4 83 7 1 8 96 14 54 5 30 2 80 13 81 11 9 9 49 15 32 1 19 10 92 6 65 3 88 12 64
15 3 4 13 68 2 79 14 21 4 84 5 92 9 66 15 51 1 83 11 96 8 68 6 38 10 38 12 99 7 76
15 9 46 15 57 4 66 1 75 11 88 6 58 10 56 14 35 3 59 12 82 7 24 5 96 8 24 2 55 13 80
15 6 34 14 69 12 53 5 98 15 8 3 81 10 81 9 38 11 39 4 3 7 59 8 81 2 30 1 76 13 71
15 14 85 6 80 3 36 15 57 2 96 9 34 5 14 4 3 12 90 7 99 8 9 13 42 10 95 1 27 11 27
15 15 28 12 11 3 66 6 2 9 35 11 69 1 61 5 84 10 73 8 56 14 98 4 81 2 72 7 92 13 23
15 9 21 13 5 6 95 11 5 8 22 12 16 3 77 14 85 1 76 15 46 7 36 10 89 2 99 5 44 4 37
15 10 49 8 80 13 61 4 87 7 41 3 6 11 83 14 79 2 44 9 83 15 9 5 84 1 99 6 38 12 68
15 1 77 5 51 6 68 2 69 12 6 8 26 7 99 3 6 15 34 14 27 9 51 10 82 4 5 11 90 13 1
15 9 85 12 64 8 55 2 76 15 89 14 68 13 34 5 14 7 52 10 33 11 91 1 4 6 18 3 95 4 76
15 13 40 5 8 6 36 14 5 7 1 1 51 2 33 8 80 10 90 9 75 12 47 11 65 15 42 3 16 4 11
15 4 38 15 83 5 48 14 74 6 15 10 10 9 89 1 41 8 97 13 97 7 16 2 47 11 21 12 95 3 20
15 11 89 9 22 5 11 2 15 3 37 1 65 8 28 15 39 13 88 14 14 10 28 7 6 4 24 12 4 6 23
15 7 14 3 66 1 4 15 58 2 7 5 6 13 5 4 48 11 54 8 59 9 2 10 1 6 4 14 82 12 75
15 11 24 3 66 10 4 14 20 6 79 1 50 7 23 8 15 2 14 15 91 12 86 5 96 13 63 4 16 9 3
