15 15 225
15 14 52 13 19 8 6 1 20 6 1 12 26 10 90 11 44 2 27 3 18 4 51 15 80 5 10 7 51 9 41
15 3 44 2 85 9 2 15 78 14 86 1 88 6 61 12 20 10 56 13 12 11 69 8 34 4 55 5 34 7 84
15 1 62 4 72 2 74 8 63 5 95 9 29 15 24 6 34 7 89 3 83 14 90 13 26 10 98 11 65 12 31
15 10 10 12 15 1 93 8 79 13 77 15 61 7 1 2 48 14 22 11 27 5 21 6 17 4 45 3 96 9 11
15 9 83 14 52 6 70 11 78 10 7 15 28 13 97 3 52 4 29 1 81 7 60 12 91 8 80 5 54 2 35
15 13 3 14 31 15 98 10 97 6 77 2 39 7 41 8 10 1 9 4 93 9 7 11 49 5 20 12 45 3 59
15 10 28 1 93 6 4 5 51 13 67 15 5 7 18 2 52 4 47 9 21 14 49 12 63 3 96 11 85 8 90
15 13 25 2 82 10 58 15 15 7 67 11 50 3 66 8 92 5 56 12 82 14 57 6 16 4 34 9 99 1 61
15 7 82 6 31 13 22 5 16 2 87 15 48 10 59 1 63 8 29 9 99 11 48 14 36 3 91 12 61 4 59
15 9 28 4 25 6 69 5 65 2 62 11 57 8 97 10 31 14 15 3 25 1 83 12 98 7 55 13 66 15 31
15 5 20 3 99 2 13 1 88 15 25 11 75 10 90 7 84 12 70 13 41 4 17 9 54 8 63 14 1 6 95
15 9 59 4 22 14 46 15 10 3 1 12 21 6 3 5 84 10 93 13 59 11 78 8 73 2 59 1 42 7 63
15 8 72 2 80 11 12 5 56 1 22 9 8 13 93 7 27 14 17 3 38 4 26 10 51 12 43 15 80 6 94
15 9 72 12 78 4 29 8 90 2 46 13 46 7 43 5 75 11 90 14 29 3 8 6 92 15 16 10 62 1 6
15 6 89 14 44 15 41 7 32 10 10 12 85 8 16 3 23 13 91 9 46 4 35 5 17 11 93 2 45 1 93
