15 15 225
15 13 40 2 96 5 59 10 95 14 76 1 75 12 23 9 65 4 65 6 16 7 71 15 52 11 84 3 99 8 24
15 6 2 2 88 15 99 11 52 14 68 10 13 7 38 13 35 9 57 3 37 8 93 1 38 4 68 5 94 12 71
15 7 87 4 46 11 14 8 87 14 30 5 79 6 62 10 37 9 54 3 1 1 97 2 16 12 2 15 51 13 96
15 11 19 8 15 6 42 1 8 10 72 14 15 3 76 9 25 2 78 15 84 12 62 4 70 13 81 7 16 5 97
15 7 68 13 71 15 3 2 68 8 91 6 37 12 73 1 21 3 85 4 79 9 51 14 50 5 21 10 30 11 64
15 5 14 8 1 7 29 1 72 9 6 14 31 13 98 15 50 4 83 3 2 6 86 10 33 11 33 2 98 12 59
15 11 21 12 80 7 99 10 70 1 80 3 71 2 47 9 96 13 56 8 78 6 53 4 10 14 92 15 1 5 33
15 4 29 11 85 6 89 7 10 9 30 5 38 1 38 15 48 3 16 8 65 10 90 12 73 13 88 2 46 14 47
15 2 37 3 9 7 49 8 23 11 1 13 78 15 39 9 15 1 9 4 41 14 35 6 83 5 8 10 61 12 60
15 13 1 8 73 7 47 15 46 4 10 5 37 1 60 14 84 11 26 9 11 12 37 10 79 6 75 3 49 2 51
15 5 22 4 49 9 33 15 2 3 24 14 3 6 73 7 68 11 21 13 61 8 69 12 94 2 43 10 39 1 48
15 7 81 13 46 8 21 6 23 3 86 5 19 14 64 12 52 9 22 1 50 11 11 4 73 2 77 10 16 15 75
15 13 21 14 80 9 30 8 32 2 22 7 23 1 85 6 92 10 14 11 13 5 68 3 60 15 45 4 32 12 90
15 13 29 2 95 5 52 9 59 7 33 11 12 8 73 4 96 1 75 6 12 14 83 3 3 10 90 15 57 12 6
15 8 94 6 18 1 54 11 42 3 70 4 29 10 43 7 50 12 75 9 70 2 40 5 48 15 1 13 27 14 12